# Esfera generada con muchos puntos y triángulos

v 0.000000 1.000000 0.000000
v 0.894427 0.447214 0.000000
v 0.276393 0.447214 0.850651
v -0.723607 0.447214 0.525731
v -0.723607 0.447214 -0.525731
v 0.276393 0.447214 -0.850651
v 0.723607 -0.447214 0.525731
v -0.276393 -0.447214 0.850651
v -0.894427 -0.447214 0.000000
v -0.276393 -0.447214 -0.850651
v 0.723607 -0.447214 -0.525731
v 0.000000 -1.000000 0.000000

f 1 2 3
f 1 3 4
f 1 4 5
f 1 5 6
f 1 6 2
f 2 7 3
f 3 8 4
f 4 9 5
f 5 10 6
f 6 11 2
f 7 2 11
f 8 3 7
f 9 4 8
f 10 5 9
f 11 6 10
f 7 11 12
f 8 7 12
f 9 8 12
f 10 9 12
f 11 10 12
